Table 5.—Federal revenues received by local education agencies for public elementary and secondary education, by program and state:
Table 5.—Fiscal year 2013

                                                                [In thousands of dollars]

                                                                                                         Other and                Other
                                                                                                        unspecified             federal

                                                                                                            federal           revenues
                                                                                                          revenues             direct to
                                           Special  Math and   Drug-free Vocational      Child  Bilingual  through               school
                                                                                                                 1                    2
State                Total       Title Ieducation     science   schools education     nutrition education    state  Impact aid districts
  Reporting
    states3   $55,104,248 $14,212,798 $11,248,795           ‡         ‡  $554,889 $14,019,749         ‡          ‡ $1,521,516         ‡


Alabama           811,965     258,868     179,262     $36,409   $17,835    11,209     259,914    $3,567          ‡      3,429  $17,122

Alaska            320,938      45,915      33,653      11,107         0      2,903     39,695       929    $19,581    132,748   34,407
Arizona          1,286,773    358,806     158,961      39,840    16,326    18,500     318,468    18,202    173,812    162,215   21,643

Arkansas          579,042     162,963     109,430      23,021         0      8,282    166,380     2,987          ‡        466   37,845

California       7,836,962   1,926,035  1,856,502     299,877     9,378    51,744   1,901,099   159,671          ‡    113,967  454,901


Colorado          702,555     167,201     150,185      25,919        11      6,586    181,744     9,763          ‡     49,015   55,694
Connecticut       451,094     108,988     120,954      21,492         0      6,825    107,832     5,777     38,698          0   40,528

Delaware          160,590      42,422      31,362           0        72      3,605     38,119         0     45,010          0         0
District of

  Columbia        197,449      52,675      16,836      10,843       502      2,981     35,649       744     38,393     38,735       91
Florida          3,027,018    831,959     612,542      62,728       185    33,906     844,914         ‡          ‡      8,882         ‡


Georgia          1,812,816    536,093     320,411      68,811    31,395    16,747     607,210    13,365    143,066     21,362   54,356

Hawaii            310,778      46,636      38,832         962         0      2,225     43,837     2,569         —      80,615   15,706
Idaho             244,367      57,495      54,078      12,749     2,914      2,956     72,946     1,832          ‡      5,430     7,058

Illinois         2,311,326    653,880     577,444      90,946        98    29,371     525,342    30,782          ‡     35,159         ‡
Indiana          1,045,227    269,984     265,749       2,547       516      7,408    284,330         ‡    197,154      5,302         ‡


                  459,132      94,476     120,860      17,649     2,455      5,583    116,672     3,429     79,070        704   18,234
Iowa
Kansas            420,820     116,339           0           0     7,480      1,783    134,532     3,838    133,579     21,076     2,193

Kentucky          867,735     246,614           ‡           ‡         ‡         ‡     249,997         ‡    303,914          ‡         ‡
Louisiana        1,304,360    336,994     173,410      50,109       663    10,021     259,198         0    369,438      9,434   95,093

Maine             197,769      55,034      48,269      10,479     1,198      2,015     46,954       665     20,851      2,184   10,120


Maryland          828,432     193,891     194,734      32,957       174      8,636    199,999     8,552    125,817     22,119   41,553
Massachusetts     855,071     193,305     258,484           ‡         ‡    10,532     179,614         ‡          ‡          0         ‡

Michigan         1,786,441    495,685     405,571      57,849       581    21,372     384,343     4,822    219,049     19,188  177,981

Minnesota         685,761     170,109     174,814      33,832         7      6,122    183,076         0     66,012     20,528   31,261
Mississippi       707,522     199,595     121,675           ‡        12      5,902    219,573     1,637          ‡      2,162         ‡


Missouri          926,472     234,363     181,855      40,230         ‡    12,067     256,160     4,986    148,111     24,781   23,919

Montana           210,593      55,868      32,987       7,821         0      2,708     32,504         ‡          ‡     53,199   11,214
Nebraska          366,241      90,719      80,090      12,368       390      3,024     76,524         ‡          ‡     25,060   27,857

Nevada            392,009     122,587      71,886      12,638       155      5,202    107,101     7,823     37,216      3,443   23,958
New

  Hampshire       163,890      40,229      34,652           0         0      3,771     28,251         0     50,456          0     6,531


New Jersey       1,159,632    295,158     357,482           ‡         ‡      8,142    303,236         ‡    174,840     20,774         ‡
New Mexico        528,189     133,854      97,717      17,951         ‡      8,340      1,818     3,636    131,292     69,115   64,466

New York         3,343,721          ‡           ‡           ‡         ‡         ‡           ‡         ‡          ‡          ‡         ‡
North Carolina   1,601,680    421,081     339,045      57,352         ‡         ‡     458,390    12,180          ‡     16,572  147,886

North Dakota      145,905      41,425      27,852       8,577       538      2,366     20,009       477          ‡     22,451   16,495


Ohio             1,292,760          0     391,458           0       545    34,811     418,726        76    310,602         76  136,466

Oklahoma          717,483     180,995     137,854      31,466        97    12,785     212,059     4,808          ‡     43,892    40,373
Oregon            565,073     152,964     129,986      22,587        71      6,649    133,425     6,959          0     97,000    15,432

Pennsylvania     2,169,144    705,953     435,108     113,621    31,321    27,497     427,310    15,174          ‡      7,224         ‡
Rhode Island      203,828      51,848      40,133      10,169         0      4,600     37,677     2,448     51,389      2,364     3,200


South Carolina    824,896     245,250     165,337      30,294         0    12,202     258,792     4,450    105,775      2,322         ‡

South Dakota      194,731      47,216      28,721      11,356         0      1,322     27,699       322      7,027     57,894   13,174
Tennessee        1,165,801    306,052     226,939          —      6,293    20,331     346,295     4,635         —       6,655        —

Texas            5,897,795   1,470,787    846,602     178,996     1,282    53,116   1,782,356     2,143          ‡    116,270  442,395

Utah              432,584      67,574     110,575      19,050       870      4,970    124,083     5,427     65,839      6,083         ‡

See notes at end of table.













                                                                  20